kinematics:
  shoulder:
    x: 0
    y: 0
    z: 0.1805396975666048
    roll: -0
    pitch: 0
    yaw: -1.199383328869291e-07
  upper_arm:
    x: -1.164127456294954e-05
    y: 0
    z: 0
    roll: 1.570588913972643
    pitch: 0
    yaw: -5.590226438510479e-06
  forearm:
    x: -0.612912480934787
    y: 0
    z: 0
    roll: 0.0006313914480374021
    pitch: 0.003970491510735249
    yaw: 1.053704943579491e-05
  wrist_1:
    x: -0.5710248694452256
    y: 0.0003827831166445693
    z: 0.1764368676943455
    roll: 3.139423138107651
    pitch: 3.140897818899071
    yaw: 3.141579428459337
  wrist_2:
    x: -2.482454303070483e-05
    y: -0.1197682269803324
    z: 1.123802938995059e-05
    roll: 1.57070249532022
    pitch: 0
    yaw: 8.588495611309013e-07
  wrist_3:
    x: -0.0001314190221288113
    y: 0.1156239624795665
    z: -2.781354424497818e-05
    roll: 1.570555775069181
    pitch: 3.141592653589793
    yaw: 3.141592548034049
  hash: calib_2978053608474162966